-0.025918 -0.031297 -0.553590 
-0.047423 0.062983 -0.616718 
-0.036596 0.090219 -0.629759 
-0.036596 0.090219 -0.629759 
0.254491 0.064284 -1.143195 
-0.021329 0.043571 -0.642138 
-0.080979 0.097831 -0.589557 
0.229579 0.045925 -1.103197 
0.229579 0.045925 -1.103197 
-0.008452 -0.069243 -0.646328 
0.226858 0.016962 -1.094460 
0.115174 0.061816 -0.980522 
-0.296780 0.015486 -0.919959 
-0.096441 0.106196 -0.579238 
-0.043605 0.074779 -0.619527 
-0.043605 0.074779 -0.619527 
-0.101876 0.093352 -0.575202 
-0.109849 0.094866 -0.570107 
-0.139931 0.129653 -0.558474 
-0.022593 -0.063551 -0.629233 
0.269863 0.025820 -1.150165 
0.245782 0.026689 -1.115482 
-0.036819 0.049141 -0.612737 
-0.048551 0.054575 -0.613352 
-0.026335 0.059086 -0.635373 
-0.015471 0.061685 -0.647779 
-0.070281 0.052693 -0.595695 
-0.070281 0.052693 -0.595695 
-0.063374 0.053082 -0.600990 
-0.021682 0.065264 -0.641391 
-0.021682 0.065264 -0.641391 
-0.082242 0.051968 -0.587254 
-0.032981 0.067275 -0.629350 
-0.032981 0.067275 -0.629350 
-0.022001 0.070673 -0.641245 
-0.022001 0.070673 -0.641245 
-0.027793 0.072334 -0.635092 
-0.027793 0.072334 -0.635092 
-0.059898 0.066197 -0.604558 
-0.059898 0.066197 -0.604558 
-0.017100 0.076134 -0.647416 
-0.100238 0.079440 -0.576529 
-0.045292 0.103704 -0.619346 
-0.045292 0.103704 -0.619346 
-0.093274 0.093600 -0.580336 
-0.028994 0.012202 -0.629620 
-0.065800 0.027112 -0.596758 
-0.057123 0.028495 -0.609769 
-0.054430 0.033970 -0.606098 
-0.054430 0.033970 -0.606098 
-0.044462 0.041173 -0.615422 
0.131025 0.071928 -0.997132 
-0.071126 0.037080 -0.594489 
-0.065546 0.062835 -0.600067 
0.078844 0.111279 -0.544750 
-0.120914 0.056024 -0.567933 
-0.098039 0.072281 -0.578110 
-0.098039 0.072281 -0.578110 
