0.714097 -0.620759 -3.386523 
0.835615 -0.156600 -3.125409 
-0.258547 0.961835 -3.442116 
-0.075888 -0.408500 -3.427665 
0.296741 -0.786465 -3.404123 
-0.288067 0.168190 -3.435785 
-0.240972 0.276840 -3.290895 
-0.687563 1.083936 -3.778889 
-0.068355 -0.654192 -3.576198 
-0.136147 -0.541723 -3.638965 
-0.521990 -0.129299 -4.078430 
0.411864 -0.221658 -3.020260 
-0.142920 0.083781 -3.205196 
-0.532847 0.434338 -3.727848 
-0.532847 0.434338 -3.727848 
1.175825 0.370706 -2.833723 
-0.064640 0.783100 -3.106556 
-0.326564 1.069796 -3.597744 
0.585198 -0.784846 -3.419324 
0.960861 -0.475885 -3.378560 
0.539439 -0.307775 -3.104343 
0.539439 -0.307775 -3.104343 
-0.913388 0.306734 -4.577374 
-0.659474 0.587217 -3.909708 
-0.587636 0.720187 -3.700451 
-0.571226 1.174802 -3.696448 
0.153640 1.227850 -3.674631 
-0.277882 -0.362399 -3.702581 
-0.277882 -0.362399 -3.702581 
0.461179 0.452566 -2.644865 
0.444426 1.066002 -3.803409 
-0.397210 1.174048 -3.634521 
0.099683 1.125592 -3.601347 
-0.337050 1.345688 -3.862303 
1.406776 1.703280 -4.539358 
0.027046 -0.655609 -3.367232 
0.724474 -0.732010 -3.389894 
0.657015 -0.701586 -3.379264 
0.795046 -0.430259 -3.234291 
-0.226469 0.067474 -3.337998 
-0.226469 0.067474 -3.337998 
-0.833973 0.299831 -4.422708 
-0.317154 0.160292 -3.496365 
-0.739097 0.332243 -4.196129 
-0.824918 0.647350 -4.229281 
-0.543092 0.538503 -3.683702 
-0.543092 0.538503 -3.683702 
0.165531 0.283764 -2.599989 
-0.673408 0.741067 -3.844808 
0.065518 0.379167 -2.685216 
0.232174 0.375933 -2.562429 
-0.797615 1.023602 -3.972177 
-0.576105 1.294799 -3.835169 
-0.667363 1.469544 -3.992880 
-0.135310 -0.440389 -3.493585 
1.013087 -0.611163 -3.435175 
-0.252811 -0.319106 -3.613672 
0.722499 -0.484576 -3.250949 
0.991604 -0.506120 -3.383589 
0.991604 -0.506120 -3.383589 
1.018972 -0.455014 -3.340953 
-0.554072 -0.050993 -4.105714 
-0.696985 0.113551 -4.285886 
-0.172978 0.016363 -3.290749 
-0.172978 0.016363 -3.290749 
-0.061642 0.053261 -3.045219 
-0.664403 0.280022 -4.075948 
-0.298867 0.228013 -3.408404 
-0.036309 0.138642 -2.986325 
-0.547174 0.589273 -3.664043 
0.213834 0.257199 -2.620746 
-0.722740 0.749603 -3.944295 
-0.722740 0.749603 -3.944295 
-0.762366 0.836277 -3.980974 
0.088560 0.799331 -3.151568 
0.121891 0.862518 -3.239348 
0.121891 0.862518 -3.239348 
0.176297 0.895291 -3.275414 
0.475779 0.787240 -3.048371 
0.475779 0.787240 -3.048371 
0.302580 1.235965 -3.702597 
0.968606 -0.637436 -3.446505 
0.572105 -0.509725 -3.224022 
0.912714 -0.577718 -3.397381 
0.692438 -0.516616 -3.275295 
1.018481 -0.557525 -3.415219 
0.566825 -0.433410 -3.138822 
-0.212764 -0.245269 -3.526870 
0.677892 -0.410696 -3.231357 
0.677892 -0.410696 -3.231357 
0.568698 -0.372149 -3.124449 
0.636672 -0.250733 -3.061289 
0.657688 -0.049385 -2.704023 
-0.234098 0.196879 -3.298548 
-0.806110 0.945341 -4.012074 
-0.488658 1.132903 -3.688739 
-0.470492 1.165386 -3.661207 
0.239024 0.972651 -3.367258 
-0.611238 1.405685 -3.961973 
-0.589738 1.473258 -4.023630 
-0.508257 1.490497 -4.048293 
0.359256 1.293615 -3.721645 
1.640042 1.354588 -4.158206 
0.354236 -0.788166 -3.351519 
0.524565 -0.770629 -3.410053 
0.743018 -0.457000 -3.224413 
1.207789 -0.453478 -3.445529 
1.207789 -0.453478 -3.445529 
0.600772 -0.346877 -3.121406 
-0.035640 0.020507 -3.048696 
-0.033286 0.071429 -3.009225 
-0.533004 0.333801 -3.755195 
-0.040411 0.167586 -2.957655 
-1.522601 0.836776 -5.030988 
0.359995 0.616588 -2.976507 
0.004827 0.779732 -3.124590 
0.664630 0.679665 -2.862734 
-0.061787 1.172752 -3.663917 
-0.413073 1.348659 -3.873716 
-0.238022 1.800192 -5.041618 
0.061521 1.277709 -3.730336 
0.239653 1.262166 -3.696678 
1.671710 1.307191 -4.138754 
1.513564 1.639531 -4.468814 
1.537828 1.709772 -4.530148 
1.523543 1.750897 -4.521812 
1.298743 1.960830 -4.883842 
